>> Prac1

quanttestdata =

  Columns 1 through 4

   -0.9375   -0.4375   -0.0625    0.0625

  Columns 5 through 7

    0.0625    0.0625    0.9375


fSQNR =

   1.0e+09 *

  Columns 1 through 4

    0.0000    0.0000    0.0000    0.0000

  Columns 5 through 8

    0.0000    0.0000    0.0000    0.0001

  Columns 9 through 12

    0.0004    0.0016    0.0063    0.0252

  Columns 13 through 16

    0.1007    0.4026    1.6105    6.4418


fSQNRdb =

  Columns 1 through 4

    7.7811   13.8017   19.8223   25.8429

  Columns 5 through 8

   31.8635   37.8841   43.9047   49.9253

  Columns 9 through 12

   55.9459   61.9665   67.9871   74.0077

  Columns 13 through 16

   80.0283   86.0489   92.0695   98.0901


sSQNR =

   43.9857


sSQNRdb =

   16.4331


scSQNR =

   80.6963


scSQNRdb =

   19.0685